id	HR	HR.95L	HR.95H	pvalue
LAMC2	1.28611270184333	1.12751631628892	1.46701724662129	0.000178728824538765
SLC7A5	1.23023417415052	1.04501881320048	1.44827643687354	0.0128137916519778
MT2A	1.25530487754378	1.11054435498986	1.4189350731512	0.000275668865729914
SERPINE1	1.3347534905216	1.16651177980707	1.52726008540972	2.66282293799346e-05
CAV1	1.25308966391089	1.08967247031856	1.44101438603955	0.00155348786421956
F3	1.24230553003435	1.10323695388218	1.39890440083895	0.000341030644202768
PYGL	1.32962420005384	1.11461219495449	1.58611265996511	0.00154742347613339
FDCSP	0.911190356700553	0.846145514250604	0.981235322011269	0.0138443158107441
LTF	0.973297533696438	0.914932476272374	1.0353857947628	0.390990941582291
INHBA	1.28117764900097	1.13363155959659	1.4479273749963	7.21292148224361e-05
CXCL9	0.945357224084394	0.866541774283476	1.03134125514899	0.205815260751057
NQO1	1.1738893351705	1.03673603786719	1.3291871034617	0.0114360815052775
LYZ	0.860575723870042	0.777686384845238	0.952299784265643	0.00366299621408914
CXCL8	1.12179327896618	1.00870385300396	1.24756156823043	0.0340222209160531
FST	1.3093776830598	1.14800181224249	1.49343833660509	5.90202307054452e-05
FOSL1	1.33905621687973	1.1533823523217	1.55462024224221	0.000126233635163728
IGF2BP2	1.42698910681212	1.18320012789336	1.72100886651019	0.000199313792898574
FCGBP	0.874212482267521	0.785156855520893	0.97336915391934	0.0141922251287115
FSTL3	1.22787845991047	1.0780166059125	1.39857355076261	0.00199396635766219
NT5E	1.30029009499031	1.14290099205007	1.47935327984722	6.6329659758195e-05
SLC7A11	1.03180801658911	0.935540738983818	1.13798121100953	0.530918834635084
ARL4D	1.27547602830882	1.06365084082256	1.52948602713682	0.00864178410423641
UCP2	0.849839914646427	0.721423594474003	1.00111485964474	0.0515787240525442
F2RL1	1.40446771738651	1.15143783643535	1.71310122593113	0.000804437237704029
IL1A	1.16275168439057	1.05099745397858	1.28638891981621	0.00344769733387514
CD4	0.852611715137346	0.730224591272658	0.995511169409541	0.0437090510044321
HMGA2	1.28990885876455	1.15346917754573	1.44248749451591	8.08237146395118e-06
HCLS1	0.773092458033031	0.654603822824542	0.913028503391052	0.00243033139147102
ZBTB7C	0.85843833329572	0.776662356750437	0.948824628445748	0.00280409255608595
PTPRC	0.822124354783439	0.721669294808937	0.93656257733264	0.00322318798106897
CXCR4	0.800550597459326	0.68163098440462	0.940217322503716	0.00670235313758918
LGALS9	0.863325193495966	0.732535530661045	1.01746653715521	0.0795375478827002
VCAM1	0.8403778155876	0.735750220272863	0.959884011546569	0.0103623203331363
SPOCK2	0.728382311215609	0.628783233549045	0.843757853238641	2.39460732361541e-05
RGS5	0.683696351066116	0.580273053191322	0.80555300283262	5.52369977733972e-06
AMIGO2	1.23207527873026	1.06642931241892	1.42345064485805	0.00461088148358819
ATP2A3	0.731868062755013	0.613635227078682	0.872881538810509	0.000516076687960393
PIM2	0.795602543896264	0.670255025370506	0.944391886512605	0.00894758816345104
PREX1	0.754055768347207	0.618248323357116	0.919695339714264	0.00533271800202738
CIITA	0.812228582679814	0.707930304098587	0.931892965596493	0.00301808490146006
MOXD1	0.864441301314044	0.763657837984727	0.978525625284635	0.0212681680315662
PARM1	0.753214510454237	0.636460104001074	0.891386742377585	0.000974020808776588
ARHGAP4	0.769715541730835	0.658517357608917	0.899690810479512	0.00100987736198384
ARHGAP30	0.754067165785158	0.620308539456187	0.916668487288209	0.00460673218460741
CXCL13	0.87991133051683	0.785563613905328	0.985590391238774	0.0270508965364673
VEGFC	1.24233268637891	1.09820210443753	1.4053792989551	0.000563074986722154
MPEG1	0.818196482102059	0.705213893597498	0.949280054465678	0.00813315678475279
SLAMF7	0.87962677375613	0.761738408920447	1.01575980946685	0.0806414869944789
MYLIP	0.769458075508491	0.630628017369578	0.938850976578562	0.00983668105347837
MFAP4	0.838519393904258	0.7379642242555	0.952776233377581	0.00688844599950284
ARHGAP26	0.734805839650167	0.595029366280972	0.907416763913176	0.00420400249738564
NCKAP1L	0.843207920124307	0.723097731376632	0.983269018430967	0.0296178621758649
IL2RB	0.858886807275001	0.734000868552941	1.00502135530898	0.057763887623561
INPP5D	0.742642563952613	0.620540512624869	0.888770300364767	0.00116789335347994
CSF2RB	0.730332177368731	0.619159488185099	0.861466390289242	0.00019161488495256
EPHB6	0.837836294421815	0.732184291656164	0.958733565101017	0.0100895757959256
DOCK8	0.732456900619746	0.608899711218366	0.881086164734746	0.000956489835231196
SLITRK6	1.12854822509695	1.020583516031	1.24793422229916	0.0184190993111328
FERMT3	0.865172675203614	0.72857425529904	1.02738156402706	0.0985640749234476
EPHX3	0.856991339116384	0.784699286439944	0.935943447396906	0.000598556727366757
MZB1	0.851400363567063	0.768018433576152	0.943834870872604	0.00221950609022363
IL10RA	0.781324551917141	0.664312015994966	0.918947784670429	0.00287214358599872
CYP27A1	0.843874225246008	0.732284890752403	0.972468115930758	0.0189885710088067
MYO1F	0.807056576466619	0.669412406635651	0.973003056354364	0.0246514621786695
CELF2	0.718431268931039	0.602371219881725	0.85685283616174	0.000234642860578233
CD3E	0.770660093794519	0.66224872175493	0.896818613093767	0.000757585269065265
RASSF2	0.686932104872809	0.573468605196357	0.822844899318275	4.56473629612182e-05
CYP7B1	0.760546626994239	0.654883480177741	0.883258151015389	0.000335076184933337
ITGAL	0.79488136771029	0.688549681663262	0.917633695228375	0.00172954345896166
IKZF3	0.789361939779076	0.695899520363032	0.89537678032417	0.000234408412129292
DKK1	1.31999617192381	1.18250636111086	1.47347189934496	7.53341381275898e-07
DOCK2	0.811276065973256	0.693844564155353	0.948582563332841	0.00875084913369798
SCNN1B	0.88697013457016	0.794756586982467	0.989882981160827	0.0322324276086699
KDM5D	0.841434824512896	0.778313422962037	0.909675386566707	1.42887621147076e-05
POU2AF1	0.819761904176177	0.721686891583277	0.931165007118612	0.00223592935873895
CCL19	0.874751201081037	0.783991811164188	0.976017418672332	0.016652017559445
SLA	0.804745196832541	0.6723508407817	0.963209670522766	0.0178509440565624
CD2	0.795178368779616	0.686179703870792	0.921491315770651	0.00231179023327755
CCNA1	1.14637013413994	1.0469951244154	1.25517727236963	0.00315094299867086
CD79A	0.781121804542877	0.696650774563	0.875835204396435	2.33253184163891e-05
DOCK10	0.779017662470289	0.646582119838683	0.938579184020867	0.00862131727194997
GATM	0.855880349510418	0.741371769468218	0.988075352806481	0.0336980281541587
CD8A	0.838982765995428	0.733837611378618	0.95919324755647	0.0101759622155011
BCL2	0.684152105655974	0.56217536176518	0.832594481202136	0.000151500270365566
LDLRAD4	0.804191703329974	0.673129956269009	0.960771823749156	0.0163567396126363
IKZF1	0.765515649545124	0.656069568846589	0.893219618048651	0.000687534817155998
IRF8	0.812198716958001	0.696714509857227	0.946825057459195	0.00785496924955591
SASH3	0.780818147150087	0.666373691589066	0.914917540434452	0.00221635229032662
CD37	0.805678380285274	0.67940688018054	0.955418132189964	0.0129793871544661
ARHGEF6	0.782636315793783	0.648600062331925	0.94437179145044	0.0105538980142711
RCSD1	0.683515575695073	0.559428413515944	0.835126588014199	0.000197123828355569
SELL	0.801988691592343	0.693414822980416	0.927562896157129	0.002947957659958
ATP13A4	0.86794987319473	0.781769541303038	0.963630510755254	0.00794686560062724
SPN	0.799826341430146	0.681700690050656	0.938420901991452	0.00615374807480113
PPP1R16B	0.687028004684479	0.577966813559893	0.816668826214231	2.07871959756579e-05
CD52	0.818988321281654	0.697158833914924	0.962107683021334	0.0150965295873046
GIMAP6	0.744270267773809	0.61522713411905	0.900380039780408	0.00236484188387475
CYTIP	0.76908416830336	0.642745514854832	0.920256064437045	0.00413577530171283
FAM3B	0.857155711242381	0.767640589579623	0.95710925567104	0.00616360748824796
IL16	0.725510270290973	0.602616897790115	0.87346563667222	0.000702352223090103
SPATA13	0.732830926401891	0.585989687030573	0.916468631747498	0.00643966807247438
NKG7	0.877527722164544	0.760699236086517	1.01229877280922	0.0730892809855228
CD84	0.858975233605805	0.737716692963909	1.00016504843309	0.0502489705210089
MGAT3	0.765308053507238	0.646687631091736	0.905686746743967	0.00185311888402959
IL2RG	0.787329192909106	0.664455418091619	0.932925281559568	0.00574565427328411
HLF	0.759276392617355	0.665090614228001	0.866800144300929	4.59399724988708e-05
GYPC	0.775502034908946	0.633072600480723	0.949975414654245	0.0140636988563431
LTB	0.81567841904375	0.690040408279858	0.964191770960572	0.016975472279749
CD6	0.747097987811788	0.632792475978951	0.882051264166719	0.000578875147049575
WAS	0.79009790930925	0.655454912940531	0.952399156631977	0.0134506104727623
PRSS12	0.825710700977608	0.722453155488794	0.943726463825387	0.00495863695182929
NFAM1	0.861134625551321	0.723758982436956	1.02458534031114	0.0917855079536822
RASAL3	0.727314055046547	0.605744973606682	0.87328126145002	0.000644958426398837
CYP4X1	0.87877258198446	0.780929328632965	0.988874693948887	0.0318949961702063
GPRIN3	0.781878570798357	0.648788612712239	0.942270082266116	0.00975017273198129
LSAMP	0.857838944169427	0.729819467984001	1.00831464001156	0.0629493887994728
TJP3	0.862467177547989	0.760522471693389	0.978077124652647	0.0211472308911312
WDFY4	0.779347939846279	0.67050116125929	0.905864518119393	0.00116189888471446
SYCP2	0.767209557458038	0.663579469015606	0.887023382336014	0.000344659879643326
NOS2	0.869108784072393	0.758884920855796	0.995342057528279	0.042617619140165
CCR5	0.816370077134343	0.696394113898639	0.957015703520631	0.0123594391941135
EVI2B	0.79882456059832	0.66989741205119	0.952564776539751	0.0123808833835769
TIGIT	0.791967182985263	0.675763375103747	0.928153318207456	0.00396538813110096
FOXP3	0.758026707492458	0.629728655126584	0.912463621583733	0.00340889715564711
ITM2A	0.760813242245936	0.630852744870796	0.917546597495306	0.00423156313111295
SPIB	0.727933557273058	0.596287172551337	0.888644411948318	0.00180921581312054
FAM78A	0.71550748343815	0.572265134807158	0.894604489627893	0.00331268031599166
APBB1IP	0.789639023068494	0.657331262017849	0.948577715349304	0.0115969951021683
CD3D	0.780123086924668	0.660905989355474	0.920845083196146	0.00334031944901333
FMO3	0.851927626853006	0.72923944917136	0.99525702047538	0.0433949837172896
MEI1	0.731754913962061	0.615620744457682	0.869797288230322	0.000397048537196175
PRKCB	0.779201194554812	0.652646456637535	0.930296174016992	0.00579828019560365
CGNL1	0.848350096394254	0.731433320698975	0.983955564622597	0.0297240378289986
NEFH	0.77061253443984	0.629575553488031	0.943244500117146	0.0115204230732689
IRF4	0.751921900406371	0.64102913028495	0.881998208192821	0.000461129713157788
TBC1D10C	0.733440841126768	0.619625358538907	0.868162446903734	0.000314390275868911
CD5	0.697477026494023	0.590422618761043	0.823942354220394	2.25731677384415e-05
PCP4L1	0.882992129213875	0.781905737610116	0.997147178682585	0.0448542623923022
KIT	0.722631679331253	0.606640325613198	0.860800909410804	0.000273620932704123
CD96	0.735139314070007	0.614142012471423	0.879975315345271	0.000797982392468512
CCR7	0.71360958929525	0.606474961757804	0.839669694620468	4.79495042571992e-05
FAT4	0.749555483738809	0.629063300438787	0.893127007744733	0.00126394567186351
PIK3CG	0.758533001887898	0.626093702765595	0.91898754517338	0.0047593346628256
BIN2	0.765347506694638	0.633996240249192	0.923912113064689	0.00537343420713989
STAG3	0.762369622931482	0.635209403123622	0.914985576584069	0.00356532847033931
CD247	0.768730545435268	0.647928951312356	0.912054709529903	0.00256698469328405
ZAP70	0.69894728932585	0.596157568035007	0.819460054606347	1.01822314352323e-05
TMEM150C	0.757682233316595	0.622178709859308	0.922696899759621	0.00577552018996632
CXCR6	0.759909673340432	0.637263261438824	0.906160368216674	0.00223411051632483
GIMAP7	0.690773420030815	0.563834750377147	0.846290366994748	0.000355742162059986
LGR5	0.910690968412574	0.797597558033601	1.03982018449622	0.166727693736127
TAGAP	0.762828174551934	0.629896082290007	0.923814007184637	0.00558657076993097
IL34	0.752381488516048	0.625669836020499	0.90475498685073	0.00249703736026766
MAP4K1	0.72922969537817	0.610390203600055	0.871206558501345	0.000503177525810928
SELP	0.778665277684411	0.675757129202718	0.897244865750359	0.000541797106048375
MYB	0.804187756852886	0.67945823992896	0.951814122292038	0.0112678024603105
SCUBE2	0.907444889888353	0.761149328318926	1.08185896978083	0.278905524543293
RNF212	0.850362867357091	0.745542327397748	0.969920794039625	0.0157357216475223
MS4A1	0.716766071201362	0.609250454565564	0.843255178515668	5.91964078109029e-05
MAN1C1	0.788585958433655	0.641763988304017	0.968997676984228	0.0238478905501676
BTK	0.775599059295984	0.627222148265362	0.959076305650982	0.0189935080727489
IL21R	0.766788298216925	0.63918751486066	0.91986198198909	0.0042436927332692
ITK	0.721088240658754	0.609302952723365	0.853382128696843	0.000141942680655689
ZNF114	1.2532960647504	1.07108332961686	1.46650683703641	0.00485263310012772
FCRL5	0.774072799804855	0.672695141658517	0.890728447838109	0.000349370687048421
C3orf70	0.764531972271104	0.631100856203923	0.926173892617691	0.00607539938597685
CYP4F12	0.90235239487137	0.789756294454674	1.03100139909911	0.130789523164527
DERL3	0.779359922090608	0.66230459612565	0.917103537729102	0.00268122118310443
EPHA3	0.769874472622055	0.644501256537751	0.919636226590304	0.00392995384806076
NLRC3	0.642464358608873	0.522861862259141	0.789425433133119	2.55704085438594e-05
CD3G	0.715449767162167	0.59693051507566	0.857500758304373	0.000290472934533841
CLDN10	0.879783577939799	0.763033728739235	1.01439702448209	0.0778696476268218
SLAMF6	0.716932183517041	0.605227006589664	0.849254494869215	0.00011777331822772
RORB	0.691175365841829	0.559597954090553	0.853690373337716	0.000607751036467077
ADCY5	0.829545645033572	0.704232651329281	0.977157159491609	0.025318122128887
CLEC10A	0.725318956841237	0.604339576322572	0.870516527073276	0.00056183230707984
CXCR3	0.747851568275722	0.630128447264712	0.887568194389908	0.000884921806757082
NRROS	0.792171821965766	0.620589338800821	1.0111939672202	0.0614024510336237
FRZB	0.6692518508027	0.542389467104471	0.825786758348995	0.000180387633804265
CD48	0.774607635185238	0.640785518323532	0.93637726092355	0.00830803947732964
SKAP1	0.773094952029031	0.639041930837399	0.935268526228908	0.00807936407793031
CD180	0.80573142967724	0.660845195964888	0.982383076602136	0.032703875426922
CHDH	0.801462251414447	0.673789463907494	0.953327077448192	0.0124246460783277
CSF2	1.21108421146798	1.06306083110281	1.37971875583589	0.00398478268490454
RAB42	0.845143676628848	0.680283730203725	1.04995577938021	0.128596351231349
SMC1B	0.830450673725555	0.709599304510759	0.97188415646308	0.0205921605682277
P2RY10	0.726080338378769	0.6028077116014	0.87456190031097	0.000746660055101248
SIRPG	0.730744082190383	0.608078570140701	0.878154468644911	0.000820400412943392
CD22	0.754395176487319	0.61743350927232	0.921738249966484	0.00582959466325948
PLA2G2D	0.820931029405711	0.710670248735216	0.948298815435869	0.00733257883295953
CD28	0.646904706473692	0.523911208303641	0.798772182433009	5.16096378768315e-05
F5	0.773273792762758	0.63652251406467	0.939404884134153	0.00961173255232538
TNFRSF13C	0.753043347841747	0.625962316854666	0.905923996476561	0.0026328728389018
CD27	0.69376887694648	0.573874464929316	0.838711746268174	0.000158757086236075
GRAP2	0.661197236689299	0.53155700093039	0.822455136589982	0.000202927477326129
SLAMF1	0.675903703502216	0.546014189048637	0.836692206120155	0.000321289354777039
LAX1	0.684468057579072	0.561235026928979	0.834759947912789	0.000181637154116521
CCR4	0.658925621041933	0.545851037058845	0.795423924455584	1.40701526235788e-05
ZNF541	0.697220734573422	0.567748862403591	0.856217924701962	0.000579493268222779
GRIN2A	0.918855939642147	0.7818463489791	1.07987488707736	0.30432443721018
CD8B	0.82574998729641	0.688973121929518	0.989680177378206	0.0382433060929538
RHBDL3	0.88369776507283	0.744899917399927	1.04835793608425	0.156116671975131
SIT1	0.710776785875827	0.580226349878043	0.870700959110457	0.000976689285745926
GPR15	0.746617734909203	0.633551842413091	0.879861764678581	0.000487361914803549
SH2D1A	0.705791003748486	0.576918230875912	0.863451550518673	0.000706103589780764
LY9	0.695305895653876	0.571471556100189	0.845974368051105	0.000281859900658987
ADARB2	0.801452331007622	0.661861753970142	0.970483390261778	0.0234012881978138
CCR2	0.73156176947466	0.591234744449157	0.905194810659369	0.00401938227605957
ZMAT1	0.667807425798746	0.541979656979694	0.822847780739962	0.000150349581384205
CD19	0.690866928726933	0.559630983541339	0.852878284522872	0.000580623747626244
UBASH3A	0.669797272261655	0.535260972453587	0.838148882539823	0.000459512370264493
ZNF831	0.594510523070993	0.478178725879989	0.73914363586901	2.86064431133642e-06
KEL	0.710894221974678	0.55185011687564	0.915775097952671	0.00826848880139489
MYCN	0.740450814241878	0.580943596187767	0.943753252311012	0.0151969767394355
TLR10	0.626590481410826	0.484767882870199	0.809904379535344	0.000356637579029385
COL6A6	0.700233878123577	0.551139456858589	0.889661369677244	0.00353377158479414
FCRL3	0.691766635109424	0.561709552186292	0.851936869487143	0.000524338239188283
AFF3	0.623088557285383	0.47881189057144	0.810838990979598	0.000430972886771483
PRRG3	0.833292043424424	0.693766328326643	1.00087825148459	0.0511076651694218
TNFRSF17	0.712442254367092	0.580117563405042	0.874950178767941	0.00121955962296447
TRAT1	0.722996123430389	0.579100287876205	0.90264744369651	0.00417645566182307
